@CONVERTED_FROM_TEXT
@ITEM=1=ALSFRSb=<4
@ITEM=2=ALSFRSb=>=12
@ITEM=3=ALSFRSb=[4,8[
@ITEM=4=ALSFRSb=[8,12[
@ITEM=5=ALSFRSsUL=<4
@ITEM=6=ALSFRSsUL=[4,8[
@ITEM=7=ALSFRSsUL=[8,12[
@ITEM=8=ALSFRSsT=<4
@ITEM=9=ALSFRSsT=[4,8[
@ITEM=10=ALSFRSsT=[8,12[
@ITEM=11=ALSFRSsLL=<4
@ITEM=12=ALSFRSsLL=[4,8[
@ITEM=13=ALSFRSsLL=[8,12[
@ITEM=14=R=>=12
@ITEM=15=R=[8,12[
@ITEM=16=ALSFRS-R=<12
@ITEM=17=ALSFRS-R=>=36
@ITEM=18=ALSFRS-R=[12,24[
@ITEM=19=ALSFRS-R=[24,36[
@ITEM=-1=|
<0> 2 7 9 12 14 17 -1 <1> 2 7 9 12 14 17 -1 <2> 2 7 9 11 14 17 -1 <3> 2 6 9 11 14 17 -1 -2
<0> 2 6 9 11 14 17 -1 <1> 2 5 9 12 14 17 -1 <2> 2 6 8 11 15 19 -1 <3> 2 5 9 11 14 17 -1 <4> 2 5 9 11 15 19 -1 -2
<0> 4 6 9 11 15 19 -1 <1> 4 5 8 11 15 19 -1 -2
<0> 4 6 9 12 14 17 -1 <1> 4 7 10 12 15 17 -1 <2> 4 7 10 12 14 17 -1 -2
<0> 4 6 8 11 14 19 -1 <1> 3 5 8 11 14 19 -1 -2
<0> 4 7 10 13 14 17 -1 <1> 3 7 10 13 14 17 -1 -2
<0> 2 6 9 13 14 17 -1 <1> 2 6 10 13 14 17 -1 <2> 2 6 9 13 14 17 -1 <3> 2 6 9 13 14 17 -1 <4> 2 6 9 12 14 17 -1 -2
<0> 4 7 10 13 14 17 -1 <1> 4 7 9 12 15 17 -1 -2
<0> 2 7 10 12 14 17 -1 <1> 2 7 9 12 14 17 -1 <2> 2 7 9 12 14 17 -1 <3> 2 7 9 12 14 17 -1 <4> 2 7 9 11 14 17 -1 -2
<0> 2 7 9 11 14 17 -1 <1> 2 7 9 11 14 17 -1 <2> 2 7 9 11 14 17 -1 <3> 2 7 9 11 14 17 -1 <4> 2 7 9 11 14 17 -1 -2
<0> 2 5 8 11 14 19 -1 <1> 2 5 8 11 14 19 -1 -2
<0> 2 6 9 13 15 17 -1 <1> 2 6 9 13 15 17 -1 <2> 2 6 9 13 14 17 -1 <3> 2 6 9 12 14 17 -1 <4> 2 6 9 12 15 17 -1 -2
<0> 2 7 9 11 14 17 -1 <1> 2 7 9 11 14 17 -1 <2> 2 7 9 11 14 17 -1 <3> 2 7 9 11 14 17 -1 <4> 2 7 9 11 15 17 -1 -2
<0> 4 7 10 13 15 17 -1 <1> 4 6 9 12 14 17 -1 <2> 4 6 9 12 14 17 -1 <3> 3 6 9 12 14 19 -1 <4> 3 6 9 11 14 19 -1 -2
<0> 2 6 9 13 14 17 -1 <1> 2 5 9 12 14 17 -1 <2> 2 5 9 12 14 19 -1 <3> 2 5 8 11 14 19 -1 <4> 2 5 8 11 14 19 -1 -2
<0> 4 6 9 13 14 17 -1 <1> 2 6 9 13 14 17 -1 <2> 2 6 9 13 14 17 -1 <3> 2 5 9 13 14 17 -1 <4> 2 5 9 12 15 19 -1 -2
<0> 2 7 10 12 14 17 -1 <1> 2 6 9 11 14 17 -1 -2
<0> 4 6 9 12 14 19 -1 <1> 4 6 9 12 14 19 -1 <2> 4 6 9 11 14 19 -1 <3> 4 6 9 12 14 17 -1 <4> 4 6 9 12 14 17 -1 -2
<0> 2 6 9 13 14 17 -1 <1> 2 6 9 13 14 17 -1 -2
<0> 2 6 9 12 14 17 -1 <1> 2 6 9 12 15 17 -1 <2> 4 6 9 12 15 17 -1 <3> 4 6 9 12 15 17 -1 <4> 2 6 8 12 15 19 -1 -2
<0> 4 7 10 13 14 17 -1 <1> 4 6 9 13 15 17 -1 <2> 4 6 9 13 15 17 -1 <3> 4 6 9 13 15 17 -1 <4> 4 6 9 12 15 19 -1 -2
<0> 2 6 9 12 14 17 -1 <1> 2 6 9 11 14 19 -1 <2> 2 6 8 11 14 19 -1 -2
<0> 2 7 9 12 14 17 -1 <1> 2 7 9 12 14 17 -1 <2> 2 7 9 11 14 17 -1 <3> 2 7 9 11 14 17 -1 <4> 2 7 9 11 14 17 -1 -2
<0> 4 7 10 13 15 17 -1 <1> 4 7 10 13 14 17 -1 <2> 3 7 10 13 14 17 -1 -2
<0> 2 7 10 12 14 17 -1 <1> 2 6 9 12 14 17 -1 <2> 2 5 8 11 14 19 -1 <3> 4 5 8 11 14 19 -1 -2
<0> 2 7 9 12 14 17 -1 <1> 2 7 9 12 14 17 -1 <2> 2 7 9 12 14 17 -1 <3> 2 7 9 11 14 17 -1 <4> 2 6 9 11 14 17 -1 -2
<0> 2 6 9 12 14 17 -1 <1> 4 6 9 12 14 17 -1 <2> 2 6 9 12 14 17 -1 <3> 2 6 9 12 14 17 -1 <4> 4 6 9 12 14 17 -1 -2
<0> 3 7 10 13 14 17 -1 <1> 3 7 10 13 15 17 -1 <2> 4 7 10 13 14 17 -1 <3> 3 7 10 13 14 17 -1 <4> 1 7 10 13 14 17 -1 -2
<0> 4 6 10 13 14 17 -1 <1> 4 6 9 13 14 17 -1 <2> 3 6 9 13 15 17 -1 <3> 3 6 9 13 15 17 -1 -2
<0> 3 7 10 12 15 17 -1 <1> 1 7 10 12 15 19 -1 <2> 1 7 9 12 15 19 -1 -2
<0> 4 6 9 12 15 17 -1 <1> 4 7 10 12 15 17 -1 -2
<0> 4 6 9 13 14 17 -1 <1> 4 6 9 13 15 17 -1 <2> 4 6 9 13 14 17 -1 <3> 4 6 9 12 14 17 -1 <4> 4 5 9 12 14 19 -1 -2
<0> 2 6 9 13 14 17 -1 <1> 2 6 9 12 14 17 -1 <2> 4 6 8 12 15 19 -1 <3> 4 5 8 12 15 19 -1 <4> 4 5 8 11 15 18 -1 -2
<0> 4 6 10 13 14 17 -1 <1> 4 6 9 13 14 17 -1 <2> 4 6 9 13 14 17 -1 <3> 4 6 9 13 14 17 -1 <4> 3 6 9 12 15 19 -1 -2
<0> 2 7 9 11 14 17 -1 <1> 2 7 9 11 14 17 -1 <2> 2 6 9 11 14 17 -1 <3> 2 6 8 11 14 19 -1 -2
<0> 2 6 8 12 15 19 -1 <1> 4 6 8 11 14 19 -1 <2> 4 6 8 11 14 19 -1 <3> 4 5 8 11 14 19 -1 <4> 4 5 8 11 15 19 -1 -2
<0> 2 6 9 13 14 17 -1 <1> 2 6 9 13 14 17 -1 <2> 2 6 9 13 14 17 -1 <3> 2 6 9 13 14 17 -1 <4> 2 6 9 13 14 17 -1 -2
<0> 4 6 9 11 15 19 -1 <1> 4 5 8 11 14 19 -1 -2
<0> 2 6 8 11 14 19 -1 <1> 2 6 8 11 14 19 -1 <2> 2 6 8 11 14 19 -1 -2
<0> 2 7 9 11 14 17 -1 <1> 2 7 9 11 14 17 -1 <2> 2 7 8 11 14 17 -1 <3> 2 7 8 11 14 19 -1 <4> 2 7 9 11 14 17 -1 -2
<0> 4 6 9 12 14 17 -1 <1> 4 6 9 12 14 17 -1 -2
<0> 4 7 10 13 14 17 -1 <1> 4 7 10 13 14 17 -1 <2> 3 7 10 13 14 17 -1 <3> 3 7 10 12 15 17 -1 <4> 3 7 10 12 14 17 -1 -2
<0> 2 5 9 12 14 17 -1 <1> 2 5 8 12 14 19 -1 <2> 2 5 8 12 14 19 -1 <3> 4 6 8 11 14 19 -1 <4> 4 5 8 11 15 18 -1 -2
<0> 2 7 9 11 14 17 -1 <1> 2 6 9 11 14 19 -1 -2
<0> 3 7 10 13 14 17 -1 <1> 3 7 10 13 14 17 -1 <2> 1 7 10 13 14 17 -1 <3> 1 7 10 12 15 17 -1 <4> 1 7 9 12 15 19 -1 -2
<0> 3 6 9 13 14 17 -1 <1> 3 6 9 12 14 19 -1 <2> 3 6 9 12 14 19 -1 -2
<0> 2 6 9 12 14 17 -1 <1> 2 6 9 12 15 17 -1 <2> 4 6 9 12 15 17 -1 -2
<0> 2 5 8 13 14 17 -1 <1> 2 5 8 13 14 17 -1 <2> 2 5 8 12 14 19 -1 -2
<0> 3 6 9 12 15 19 -1 <1> 4 6 9 12 15 19 -1 <2> 4 6 9 12 15 17 -1 <3> 4 6 9 12 15 17 -1 <4> 4 6 9 12 15 17 -1 -2
<0> 2 7 10 12 14 17 -1 <1> 2 7 10 12 14 17 -1 <2> 2 7 10 12 14 17 -1 <3> 2 7 10 12 14 17 -1 <4> 2 7 10 11 14 17 -1 -2
<0> 2 7 10 12 14 17 -1 <1> 2 7 9 12 14 17 -1 <2> 2 6 9 12 14 17 -1 <3> 2 6 9 12 14 17 -1 <4> 2 6 9 12 14 17 -1 -2
<0> 2 7 9 12 15 17 -1 <1> 2 6 9 12 14 17 -1 <2> 2 6 9 11 15 19 -1 <3> 2 5 8 11 14 19 -1 -2
<0> 4 7 10 13 14 17 -1 <1> 4 7 10 13 14 17 -1 -2
<0> 2 7 9 12 14 17 -1 <1> 2 6 9 12 14 17 -1 <2> 2 6 9 11 14 17 -1 <3> 2 6 8 12 14 17 -1 <4> 4 6 8 11 15 19 -1 -2
<0> 2 6 10 13 14 17 -1 <1> 2 6 10 12 14 17 -1 <2> 2 6 9 12 14 17 -1 <3> 2 6 9 12 15 17 -1 -2
<0> 3 7 10 13 14 17 -1 <1> 3 7 10 13 14 17 -1 <2> 3 7 10 13 14 17 -1 -2
<0> 4 5 9 12 14 17 -1 <1> 4 5 9 12 14 19 -1 -2
<0> 4 7 10 13 14 17 -1 <1> 3 7 10 13 14 17 -1 -2
<0> 4 6 9 13 14 17 -1 <1> 4 6 9 12 15 19 -1 <2> 3 6 8 12 14 19 -1 <3> 3 6 8 12 14 19 -1 <4> 3 5 8 12 14 19 -1 -2
<0> 4 5 8 11 15 18 -1 <1> 4 5 8 11 15 18 -1 -2
<0> 4 7 10 13 14 17 -1 <1> 4 7 10 13 14 17 -1 <2> 3 6 10 13 15 17 -1 -2
<0> 4 6 8 11 15 19 -1 <1> 4 6 8 11 15 19 -1 -2
<0> 2 7 9 11 14 17 -1 <1> 2 6 9 11 14 17 -1 <2> 2 6 8 11 14 19 -1 -2
<0> 4 6 9 12 15 19 -1 <1> 4 5 9 13 14 19 -1 <2> 4 6 9 13 14 17 -1 <3> 4 6 9 13 14 17 -1 <4> 4 6 9 13 14 17 -1 -2
<0> 2 6 8 11 15 19 -1 <1> 2 6 8 11 15 19 -1 <2> 4 6 8 11 15 19 -1 -2
<0> 2 7 10 13 14 17 -1 <1> 2 6 10 13 14 17 -1 <2> 2 6 9 13 14 17 -1 <3> 2 6 9 12 14 17 -1 <4> 2 6 9 12 14 17 -1 -2
<0> 4 7 10 13 14 17 -1 <1> 4 7 10 13 15 17 -1 -2
<0> 4 6 9 13 14 17 -1 <1> 3 6 9 12 14 17 -1 <2> 3 6 9 12 14 19 -1 -2
<0> 2 7 10 13 15 17 -1 <1> 2 7 10 13 15 17 -1 -2
<0> 2 6 9 12 14 17 -1 <1> 2 6 9 12 14 17 -1 <2> 2 5 8 11 14 19 -1 -2
<0> 2 7 10 12 14 17 -1 <1> 4 6 10 12 14 17 -1 <2> 4 6 9 12 14 17 -1 <3> 4 6 9 11 15 17 -1 -2
<0> 4 7 10 13 14 17 -1 <1> 4 7 10 13 14 17 -1 <2> 4 6 9 13 14 17 -1 -2
<0> 2 7 10 12 14 17 -1 <1> 2 7 10 12 14 17 -1 -2
<0> 2 7 10 12 14 17 -1 <1> 2 7 10 12 14 17 -1 <2> 2 7 10 12 14 17 -1 <3> 2 6 9 12 14 17 -1 <4> 2 7 9 12 14 17 -1 -2
<0> 2 6 9 12 15 17 -1 <1> 2 6 9 12 15 17 -1 <2> 2 6 9 12 14 17 -1 <3> 2 6 9 11 14 17 -1 -2
<0> 3 5 8 11 14 19 -1 <1> 3 5 8 11 14 18 -1 <2> 4 5 8 11 14 19 -1 -2
<0> 2 6 9 12 15 17 -1 <1> 2 6 9 12 15 17 -1 -2
<0> 4 6 9 12 14 19 -1 <1> 4 5 9 12 14 19 -1 -2
<0> 2 7 10 12 14 17 -1 <1> 2 7 10 12 14 17 -1 <2> 2 7 9 12 14 17 -1 <3> 2 7 9 12 14 17 -1 <4> 2 7 9 12 14 17 -1 -2
<0> 4 6 9 12 15 17 -1 <1> 4 6 9 12 15 19 -1 -2
<0> 2 7 10 12 14 17 -1 <1> 2 7 10 12 14 17 -1 <2> 2 7 10 12 14 17 -1 -2
<0> 2 6 9 13 14 17 -1 <1> 2 6 9 13 14 17 -1 <2> 2 6 9 13 14 17 -1 <3> 2 6 9 13 14 17 -1 <4> 4 5 9 13 15 17 -1 -2
<0> 2 7 9 12 14 17 -1 <1> 2 6 9 11 14 17 -1 -2
<0> 1 6 9 12 15 19 -1 <1> 1 6 10 13 14 19 -1 -2
<0> 4 6 10 12 14 17 -1 <1> 3 6 9 11 15 19 -1 <2> 4 6 9 11 15 19 -1 -2
<0> 4 7 10 13 14 17 -1 <1> 4 7 10 13 14 17 -1 <2> 4 7 10 13 14 17 -1 <3> 1 7 10 12 15 17 -1 -2
<0> 3 7 10 13 15 17 -1 <1> 3 7 10 13 15 17 -1 <2> 3 6 9 12 15 17 -1 <3> 3 7 10 13 15 17 -1 -2
<0> 4 7 10 13 15 17 -1 <1> 3 7 10 13 15 17 -1 <2> 3 7 10 13 15 17 -1 -2
<0> 2 6 10 13 14 17 -1 <1> 2 6 10 13 14 17 -1 <2> 2 6 9 13 14 17 -1 <3> 2 6 9 13 14 17 -1 <4> 2 5 9 13 14 17 -1 -2
<0> 2 6 9 13 14 17 -1 <1> 2 6 9 13 14 17 -1 <2> 2 6 9 13 14 17 -1 <3> 2 7 9 13 14 17 -1 <4> 4 6 9 13 14 17 -1 -2
<0> 2 7 10 12 14 17 -1 <1> 2 7 10 12 14 17 -1 <2> 4 7 10 12 14 17 -1 <3> 4 7 10 12 14 17 -1 -2
<0> 2 7 10 12 14 17 -1 <1> 2 6 9 12 15 17 -1 <2> 2 6 9 12 15 17 -1 <3> 2 6 9 12 14 17 -1 <4> 4 6 9 12 15 17 -1 -2
<0> 2 6 9 12 14 17 -1 <1> 2 5 9 12 14 17 -1 <2> 2 5 8 11 14 19 -1 -2
<0> 4 6 9 12 14 17 -1 <1> 4 6 9 12 14 17 -1 <2> 4 6 8 11 14 19 -1 <3> 4 6 8 11 15 19 -1 -2
<0> 4 6 9 12 14 17 -1 <1> 4 6 9 12 15 17 -1 <2> 4 6 9 12 15 17 -1 <3> 4 6 9 12 15 17 -1 <4> 4 6 9 12 14 19 -1 -2
<0> 2 6 9 12 14 17 -1 <1> 2 6 9 11 14 17 -1 <2> 2 6 8 11 14 19 -1 <3> 2 6 8 11 14 19 -1 <4> 2 6 8 11 14 19 -1 -2
<0> 2 6 10 12 14 17 -1 <1> 2 6 10 12 14 17 -1 <2> 2 6 9 11 14 17 -1 <3> 2 6 9 11 14 17 -1 <4> 2 6 9 11 14 17 -1 -2
<0> 4 6 9 13 14 17 -1 <1> 4 5 8 12 14 19 -1 -2
<0> 2 5 9 12 14 19 -1 <1> 2 5 8 12 14 19 -1 <2> 4 5 8 12 14 19 -1 <3> 4 5 8 11 14 19 -1 -2
<0> 4 7 10 13 14 17 -1 <1> 3 7 10 13 14 17 -1 <2> 1 7 10 13 14 17 -1 <3> 1 7 10 13 14 17 -1 -2
<0> 2 6 9 12 15 17 -1 <1> 2 6 9 12 15 17 -1 <2> 2 6 9 12 15 17 -1 -2
<0> 2 6 9 11 15 17 -1 <1> 2 6 9 12 14 17 -1 <2> 2 7 9 12 15 17 -1 <3> 2 6 9 11 15 19 -1 <4> 2 7 9 11 14 17 -1 -2
<0> 4 6 9 12 14 17 -1 <1> 4 6 9 12 14 17 -1 <2> 4 6 9 11 14 17 -1 <3> 4 6 9 12 14 17 -1 <4> 4 6 9 11 15 19 -1 -2
<0> 4 7 10 13 15 17 -1 <1> 4 7 10 13 14 17 -1 <2> 4 7 10 13 14 17 -1 -2
<0> 4 6 9 11 15 19 -1 <1> 4 6 9 11 15 19 -1 -2
<0> 2 6 9 11 14 17 -1 <1> 2 6 9 11 15 17 -1 <2> 2 6 8 11 15 19 -1 -2
<0> 4 6 9 12 14 17 -1 <1> 4 6 9 11 14 17 -1 <2> 4 5 8 11 15 19 -1 -2
<0> 3 7 10 12 14 17 -1 <1> 3 6 10 12 14 17 -1 -2
<0> 4 7 10 12 14 17 -1 <1> 4 7 10 12 14 17 -1 <2> 3 7 10 11 14 19 -1 -2
<0> 2 7 10 12 15 17 -1 <1> 2 7 9 12 14 17 -1 <2> 4 7 9 12 14 17 -1 <3> 2 7 9 12 15 17 -1 <4> 4 7 9 12 15 17 -1 -2
<0> 2 7 9 11 14 17 -1 <1> 2 7 9 11 14 17 -1 <2> 2 6 9 11 14 17 -1 <3> 2 6 9 11 14 17 -1 -2
<0> 2 6 8 12 14 19 -1 <1> 2 5 8 12 14 19 -1 <2> 4 6 9 11 15 19 -1 <3> 4 5 8 11 14 19 -1 <4> 2 5 8 11 14 19 -1 -2
<0> 2 7 10 12 14 17 -1 <1> 2 7 9 12 14 17 -1 <2> 2 6 9 11 14 17 -1 <3> 4 6 9 11 14 17 -1 <4> 4 6 8 11 14 19 -1 -2
<0> 4 5 8 11 15 19 -1 <1> 4 5 8 11 15 18 -1 -2
<0> 4 7 10 13 14 17 -1 <1> 3 7 10 13 14 17 -1 <2> 3 7 10 13 14 17 -1 <3> 1 7 9 13 14 17 -1 <4> 1 6 9 12 14 19 -1 -2
<0> 2 7 10 12 14 17 -1 <1> 2 6 10 12 14 17 -1 <2> 2 7 9 12 14 17 -1 <3> 2 6 9 11 14 17 -1 <4> 4 6 9 11 14 17 -1 -2
<0> 3 6 9 12 14 19 -1 <1> 3 6 9 12 14 19 -1 <2> 1 6 9 12 15 19 -1 <3> 1 6 9 12 15 19 -1 -2
<0> 2 7 10 12 14 17 -1 <1> 2 7 10 12 14 17 -1 <2> 2 7 9 12 14 17 -1 <3> 2 7 9 12 14 17 -1 <4> 2 7 9 12 14 17 -1 -2
<0> 2 7 9 12 14 17 -1 <1> 2 6 8 11 14 19 -1 <2> 2 5 8 11 14 19 -1 -2
<0> 2 7 9 12 14 17 -1 <1> 2 7 9 12 14 17 -1 <2> 2 7 9 12 14 17 -1 <3> 2 6 9 12 14 17 -1 <4> 4 6 9 11 14 17 -1 -2
<0> 2 6 9 12 14 17 -1 <1> 2 6 9 12 14 17 -1 <2> 2 6 9 12 14 17 -1 <3> 4 6 9 12 14 17 -1 <4> 4 5 9 12 14 19 -1 -2
<0> 2 7 10 12 14 17 -1 <1> 2 7 10 12 14 17 -1 <2> 4 7 10 12 14 17 -1 <3> 2 6 9 12 14 17 -1 <4> 2 6 9 12 14 17 -1 -2
<0> 2 7 9 12 14 17 -1 <1> 2 7 9 11 14 17 -1 <2> 2 7 9 11 14 17 -1 <3> 2 7 9 11 14 17 -1 <4> 2 7 8 11 14 19 -1 -2
<0> 4 7 10 13 15 17 -1 <1> 4 6 9 12 15 19 -1 -2
<0> 4 7 10 12 14 17 -1 <1> 1 6 9 11 15 19 -1 -2
<0> 2 6 9 11 14 17 -1 <1> 2 6 9 11 14 17 -1 -2
<0> 2 7 10 12 14 17 -1 <1> 2 7 9 12 14 17 -1 -2
<0> 4 7 10 13 14 17 -1 <1> 4 7 10 13 14 17 -1 <2> 3 6 10 13 14 17 -1 <3> 3 6 9 12 15 17 -1 <4> 1 6 10 12 14 19 -1 -2
<0> 4 7 9 11 14 17 -1 <1> 4 7 9 11 14 17 -1 <2> 2 6 8 11 14 19 -1 <3> 2 6 8 11 14 19 -1 <4> 4 6 8 11 14 19 -1 -2
<0> 2 6 9 12 14 17 -1 <1> 4 6 9 11 14 17 -1 <2> 4 6 9 11 14 17 -1 <3> 4 6 9 11 14 17 -1 <4> 4 6 8 11 14 19 -1 -2
<0> 4 6 9 13 14 17 -1 <1> 3 5 8 11 14 18 -1 <2> 3 5 8 11 14 18 -1 -2
<0> 2 7 9 12 14 17 -1 <1> 2 7 9 12 14 17 -1 <2> 2 7 9 12 14 17 -1 <3> 2 7 9 11 14 17 -1 -2
<0> 3 6 9 11 15 19 -1 <1> 4 6 8 11 15 19 -1 <2> 3 6 8 11 14 18 -1 -2
<0> 4 7 10 13 14 17 -1 <1> 3 6 9 12 14 17 -1 <2> 1 6 9 11 14 19 -1 <3> 1 6 9 11 14 19 -1 -2
<0> 4 7 10 13 15 17 -1 <1> 3 7 10 13 15 17 -1 <2> 3 7 10 13 14 17 -1 <3> 3 7 10 13 14 17 -1 <4> 1 7 10 13 14 17 -1 -2
<0> 2 6 9 12 14 17 -1 <1> 2 6 9 12 14 17 -1 -2
<0> 2 6 9 12 14 17 -1 <1> 2 6 9 12 14 17 -1 <2> 2 6 9 12 14 17 -1 <3> 2 6 9 12 14 17 -1 <4> 2 6 9 12 14 17 -1 -2
<0> 4 7 10 13 15 17 -1 <1> 4 7 9 12 15 17 -1 -2
<0> 2 6 9 13 14 17 -1 <1> 2 6 9 12 14 17 -1 <2> 2 6 9 12 14 17 -1 <3> 2 6 9 11 15 17 -1 <4> 4 6 9 11 15 19 -1 -2
<0> 2 6 9 12 14 17 -1 <1> 2 6 9 12 14 17 -1 <2> 2 6 9 12 14 17 -1 <3> 2 6 9 11 14 17 -1 -2
<0> 4 7 10 13 15 17 -1 <1> 3 6 9 13 15 19 -1 -2
<0> 2 7 10 12 14 17 -1 <1> 4 7 9 12 14 17 -1 <2> 4 6 9 11 14 17 -1 <3> 2 6 9 11 14 17 -1 <4> 4 6 8 11 14 19 -1 -2
<0> 4 6 9 11 14 19 -1 <1> 3 5 8 11 15 19 -1 -2
<0> 2 7 9 12 14 17 -1 <1> 2 7 9 12 14 17 -1 <2> 2 7 9 12 14 17 -1 <3> 2 7 9 12 14 17 -1 <4> 2 7 9 12 14 17 -1 -2
<0> 4 6 10 13 14 17 -1 <1> 4 6 9 12 14 17 -1 <2> 4 6 9 12 14 19 -1 -2
<0> 3 6 8 11 15 19 -1 <1> 1 6 8 11 14 18 -1 <2> 3 6 8 11 14 19 -1 <3> 3 6 8 11 14 19 -1 <4> 3 5 8 11 14 18 -1 -2
<0> 3 7 10 13 14 17 -1 <1> 3 7 10 13 14 17 -1 <2> 4 7 10 13 14 17 -1 <3> 3 7 10 13 14 17 -1 <4> 3 7 10 13 14 17 -1 -2
<0> 2 6 9 13 14 17 -1 <1> 4 6 10 12 14 17 -1 <2> 4 6 9 12 14 17 -1 <3> 4 6 9 11 15 19 -1 <4> 4 6 9 11 15 19 -1 -2
<0> 4 7 10 13 14 17 -1 <1> 4 6 9 12 14 17 -1 <2> 4 6 9 12 14 17 -1 <3> 4 6 9 12 14 17 -1 <4> 4 6 9 12 14 17 -1 -2
<0> 4 6 9 12 14 17 -1 <1> 4 7 9 12 14 17 -1 <2> 4 6 9 11 14 17 -1 <3> 4 6 9 11 14 19 -1 <4> 4 6 8 11 15 19 -1 -2
<0> 4 7 10 13 14 17 -1 <1> 4 7 10 13 15 17 -1 <2> 4 7 10 13 15 17 -1 <3> 4 7 10 13 14 17 -1 <4> 3 7 10 13 14 17 -1 -2
<0> 2 7 10 12 14 17 -1 <1> 2 7 10 12 14 17 -1 <2> 4 7 9 12 14 17 -1 <3> 4 7 10 12 14 17 -1 <4> 4 7 10 12 14 17 -1 -2
<0> 4 7 10 12 14 17 -1 <1> 4 6 9 12 14 17 -1 <2> 4 6 9 12 14 17 -1 <3> 4 6 9 12 14 17 -1 <4> 4 6 9 12 14 17 -1 -2
<0> 2 7 10 12 14 17 -1 <1> 2 6 9 12 14 17 -1 <2> 2 6 9 12 14 17 -1 <3> 4 6 9 12 14 17 -1 -2
<0> 2 7 10 12 14 17 -1 <1> 2 7 10 12 14 17 -1 <2> 2 7 10 12 14 17 -1 <3> 2 7 10 12 14 17 -1 <4> 2 7 10 12 14 17 -1 -2
<0> 4 7 10 12 15 17 -1 <1> 4 7 10 12 15 17 -1 -2
<0> 4 6 9 13 14 17 -1 <1> 4 5 9 13 14 17 -1 <2> 4 5 9 13 15 19 -1 <3> 4 5 9 12 14 19 -1 <4> 4 5 8 12 14 19 -1 -2
<0> 2 6 9 12 14 17 -1 <1> 2 6 8 11 15 19 -1 <2> 2 6 8 11 14 19 -1 <3> 2 5 8 11 15 19 -1 <4> 4 5 8 11 15 19 -1 -2
<0> 4 6 10 12 14 17 -1 <1> 4 6 9 12 14 17 -1 -2
<0> 4 6 9 11 14 19 -1 <1> 4 5 8 11 14 18 -1 <2> 3 5 8 11 14 18 -1 -2
<0> 2 6 9 12 14 17 -1 <1> 2 6 9 12 15 17 -1 <2> 2 5 9 12 15 19 -1 -2
<0> 2 5 8 12 14 19 -1 <1> 2 5 8 11 14 19 -1 <2> 2 5 8 11 14 19 -1 <3> 2 5 8 11 14 19 -1 <4> 2 5 8 11 14 19 -1 -2
<0> 2 7 9 11 14 17 -1 <1> 2 7 9 11 14 17 -1 <2> 2 7 9 11 14 17 -1 -2
<0> 2 6 9 12 14 17 -1 <1> 2 5 9 12 14 17 -1 <2> 4 5 8 12 14 19 -1 <3> 4 5 8 11 15 19 -1 -2
<0> 2 7 10 12 14 17 -1 <1> 2 7 10 12 14 17 -1 <2> 2 7 10 12 14 17 -1 <3> 2 7 10 12 14 17 -1 <4> 2 6 9 12 14 17 -1 -2
<0> 2 7 9 12 14 17 -1 <1> 2 7 9 12 14 17 -1 <2> 2 7 9 11 14 17 -1 -2
<0> 4 7 10 13 14 17 -1 <1> 3 7 10 13 14 17 -1 <2> 3 7 10 12 15 17 -1 <3> 3 6 10 12 14 17 -1 -2
<0> 4 6 9 12 14 17 -1 <1> 3 6 9 12 14 17 -1 -2
<0> 3 5 8 12 14 19 -1 <1> 1 6 9 12 14 19 -1 <2> 1 6 9 12 14 19 -1 -2
<0> 2 6 9 12 14 17 -1 <1> 4 6 9 12 14 17 -1 <2> 2 6 9 12 14 17 -1 <3> 4 6 9 12 14 17 -1 <4> 2 6 9 12 14 17 -1 -2
<0> 4 6 8 11 14 19 -1 <1> 4 6 8 11 14 19 -1 -2
<0> 4 6 9 13 14 17 -1 <1> 4 6 9 13 14 17 -1 <2> 4 6 9 12 14 17 -1 -2
<0> 2 6 9 13 14 17 -1 <1> 4 5 9 12 15 19 -1 -2
<0> 3 5 9 12 15 19 -1 <1> 3 5 8 11 15 19 -1 -2
<0> 4 7 10 13 14 17 -1 <1> 4 6 10 13 14 17 -1 <2> 3 7 10 13 15 17 -1 <3> 1 7 10 12 15 19 -1 -2
<0> 4 6 9 13 14 17 -1 <1> 4 6 9 12 15 19 -1 -2
<0> 2 6 9 13 14 17 -1 <1> 2 5 9 13 14 17 -1 -2
<0> 3 5 8 11 14 18 -1 <1> 3 5 8 11 14 18 -1 <2> 3 5 8 11 14 18 -1 <3> 3 5 8 11 14 18 -1 -2
<0> 4 7 10 13 14 17 -1 <1> 3 6 10 12 14 17 -1 <2> 3 6 9 12 15 19 -1 -2
<0> 2 7 9 12 14 17 -1 <1> 2 7 10 12 14 17 -1 <2> 2 7 9 12 14 17 -1 <3> 2 7 9 11 14 17 -1 <4> 2 7 9 12 14 17 -1 -2
<0> 2 7 10 12 14 17 -1 <1> 2 7 9 12 14 17 -1 -2
<0> 2 7 9 12 14 17 -1 <1> 2 7 10 12 14 17 -1 <2> 2 7 9 12 15 17 -1 <3> 2 7 9 12 14 17 -1 <4> 2 7 9 11 14 17 -1 -2
<0> 2 6 9 11 14 19 -1 <1> 2 6 8 11 14 19 -1 <2> 4 6 8 11 14 19 -1 <3> 2 5 8 11 14 19 -1 -2
<0> 2 7 9 12 14 17 -1 <1> 2 6 9 12 14 17 -1 <2> 2 6 9 12 14 17 -1 <3> 4 6 9 11 14 19 -1 <4> 3 5 8 11 14 19 -1 -2
<0> 2 6 9 13 14 17 -1 <1> 2 6 9 13 14 17 -1 <2> 2 6 9 13 14 17 -1 <3> 2 6 9 13 14 17 -1 <4> 2 6 9 13 14 17 -1 -2
<0> 2 7 10 12 14 17 -1 <1> 4 6 9 11 14 17 -1 <2> 4 6 9 11 14 17 -1 -2
<0> 2 6 9 12 14 17 -1 <1> 2 6 9 12 14 17 -1 <2> 2 6 9 12 15 17 -1 -2
<0> 2 6 9 13 15 17 -1 <1> 2 6 9 12 15 17 -1 -2
<0> 2 7 10 12 14 17 -1 <1> 2 7 10 12 14 17 -1 -2
<0> 2 6 10 13 14 17 -1 <1> 2 6 9 13 14 17 -1 <2> 2 6 9 13 14 17 -1 <3> 2 6 9 13 15 17 -1 <4> 2 6 9 13 15 17 -1 -2
<0> 4 6 10 12 14 17 -1 <1> 4 6 10 12 15 17 -1 -2
<0> 4 7 10 13 14 17 -1 <1> 4 7 10 13 14 17 -1 <2> 4 7 10 12 14 17 -1 -2
<0> 2 7 9 11 14 17 -1 <1> 2 6 9 11 14 17 -1 -2
<0> 4 7 10 13 15 17 -1 <1> 4 7 10 13 14 17 -1 <2> 3 7 10 13 14 17 -1 <3> 3 7 9 12 14 17 -1 -2
<0> 2 6 9 12 14 17 -1 <1> 2 5 8 11 14 19 -1 <2> 4 5 8 11 14 19 -1 <3> 4 5 8 11 14 19 -1 <4> 4 5 8 11 14 19 -1 -2
<0> 2 7 10 12 14 17 -1 <1> 2 7 9 12 14 17 -1 <2> 4 7 9 11 14 17 -1 <3> 4 7 9 11 15 17 -1 <4> 4 6 8 11 14 19 -1 -2
<0> 4 6 9 12 14 17 -1 <1> 4 5 8 12 15 19 -1 <2> 4 5 8 11 15 18 -1 <3> 4 5 8 11 15 18 -1 <4> 4 5 8 11 15 18 -1 -2
<0> 2 6 9 11 15 17 -1 <1> 2 6 9 12 15 17 -1 <2> 4 5 8 11 15 19 -1 -2
<0> 2 6 9 12 14 17 -1 <1> 2 6 9 12 14 17 -1 -2
<0> 4 7 9 13 14 17 -1 <1> 4 6 9 12 15 17 -1 <2> 4 6 9 13 14 17 -1 <3> 3 6 9 12 14 17 -1 -2
<0> 2 6 9 12 14 17 -1 <1> 2 6 9 12 14 17 -1 <2> 4 6 9 12 15 17 -1 -2
<0> 2 7 10 12 14 17 -1 <1> 2 6 9 12 14 17 -1 <2> 2 6 9 12 14 17 -1 <3> 2 6 10 12 15 17 -1 <4> 2 6 10 12 15 17 -1 -2
<0> 2 6 8 11 14 19 -1 <1> 4 5 8 11 14 19 -1 -2
<0> 2 6 9 11 14 17 -1 <1> 2 6 9 11 14 17 -1 <2> 4 6 8 11 14 19 -1 <3> 4 5 8 11 14 19 -1 <4> 4 5 8 11 14 19 -1 -2
<0> 1 7 10 13 14 17 -1 <1> 1 7 10 13 15 17 -1 <2> 1 7 10 13 14 17 -1 <3> 3 7 10 13 14 17 -1 <4> 3 7 9 12 14 17 -1 -2
<0> 4 6 9 13 14 17 -1 <1> 4 6 9 13 14 17 -1 <2> 4 6 9 12 15 17 -1 <3> 3 6 9 12 15 19 -1 -2
<0> 4 7 10 12 14 17 -1 <1> 4 6 9 12 14 17 -1 <2> 4 6 9 12 14 17 -1 -2
<0> 2 6 9 13 14 17 -1 <1> 2 6 9 13 14 17 -1 <2> 2 6 9 13 14 17 -1 <3> 2 5 9 13 14 17 -1 <4> 2 5 9 13 14 17 -1 -2
<0> 2 5 8 13 15 19 -1 <1> 2 5 8 13 14 19 -1 <2> 2 5 8 12 15 19 -1 <3> 2 5 8 12 15 19 -1 -2
<0> 4 5 9 12 14 19 -1 <1> 4 5 8 12 15 19 -1 -2
<0> 3 6 9 12 15 19 -1 <1> 3 6 9 11 15 19 -1 <2> 1 6 9 12 15 19 -1 -2
<0> 2 7 9 12 14 17 -1 <1> 4 7 9 12 14 17 -1 <2> 2 7 9 12 15 17 -1 <3> 4 7 9 12 15 17 -1 <4> 2 7 9 12 15 17 -1 -2
<0> 4 7 10 13 14 17 -1 <1> 4 7 10 13 14 17 -1 <2> 4 7 10 12 14 17 -1 <3> 3 7 9 12 14 17 -1 <4> 1 5 8 11 14 18 -1 -2
<0> 2 6 9 12 14 17 -1 <1> 2 6 9 12 14 17 -1 <2> 2 6 9 11 14 17 -1 <3> 2 6 9 12 14 17 -1 <4> 2 6 9 12 14 17 -1 -2
<0> 2 7 9 12 14 17 -1 <1> 4 7 10 12 14 17 -1 <2> 4 6 9 12 15 17 -1 -2
<0> 2 6 9 13 14 17 -1 <1> 2 6 9 13 14 17 -1 <2> 2 6 9 13 14 17 -1 <3> 2 6 9 13 14 17 -1 <4> 2 6 9 13 14 17 -1 -2
<0> 4 6 8 11 14 19 -1 <1> 4 6 9 12 14 19 -1 <2> 4 6 9 12 15 17 -1 <3> 4 6 8 11 15 19 -1 -2
<0> 2 6 9 12 14 17 -1 <1> 2 5 9 12 14 17 -1 <2> 2 5 9 11 14 19 -1 <3> 2 5 8 11 14 19 -1 -2
<0> 2 6 9 13 14 17 -1 <1> 2 5 8 13 14 17 -1 <2> 2 5 8 12 15 19 -1 <3> 2 5 8 12 15 19 -1 <4> 2 5 8 12 14 19 -1 -2
<0> 2 7 9 13 14 17 -1 <1> 4 6 9 12 14 17 -1 <2> 4 6 9 12 14 17 -1 <3> 4 6 9 12 14 17 -1 -2
<0> 4 7 10 13 15 17 -1 <1> 4 7 10 13 15 17 -1 <2> 4 7 10 12 15 17 -1 -2
<0> 4 6 10 13 14 17 -1 <1> 2 6 10 13 14 17 -1 <2> 2 6 9 13 14 17 -1 <3> 2 6 9 13 14 17 -1 <4> 2 6 9 12 14 17 -1 -2
<0> 4 5 8 12 15 19 -1 <1> 4 5 8 11 14 19 -1 <2> 4 5 8 12 15 19 -1 <3> 4 5 8 11 14 19 -1 <4> 4 5 8 11 14 19 -1 -2
<0> 2 6 9 13 14 17 -1 <1> 2 6 9 12 14 17 -1 <2> 2 6 9 12 15 17 -1 -2
<0> 2 7 10 12 14 17 -1 <1> 2 7 9 12 14 17 -1 <2> 2 7 9 12 14 17 -1 <3> 2 6 9 12 14 17 -1 -2
<0> 4 7 10 13 14 17 -1 <1> 4 7 10 13 15 17 -1 -2
<0> 4 7 10 12 14 17 -1 <1> 4 7 10 12 14 17 -1 <2> 4 7 9 12 14 17 -1 <3> 4 7 9 11 14 17 -1 <4> 3 6 9 11 14 19 -1 -2
<0> 2 7 10 12 14 17 -1 <1> 2 6 10 12 14 17 -1 <2> 2 6 9 12 14 17 -1 <3> 2 7 9 12 14 17 -1 <4> 2 6 9 12 14 17 -1 -2
<0> 2 7 10 12 14 17 -1 <1> 2 7 10 12 14 17 -1 <2> 2 6 9 12 14 17 -1 -2
<0> 2 7 10 12 14 17 -1 <1> 2 7 10 12 14 17 -1 <2> 2 7 10 12 14 17 -1 <3> 2 7 10 12 14 17 -1 <4> 2 7 9 12 14 17 -1 -2
<0> 4 7 9 12 14 17 -1 <1> 4 7 10 12 15 17 -1 <2> 4 7 9 12 15 17 -1 <3> 4 7 9 12 15 17 -1 <4> 3 7 9 11 14 19 -1 -2
<0> 4 6 9 12 15 17 -1 <1> 4 6 9 12 15 17 -1 <2> 4 6 9 11 15 19 -1 <3> 4 6 9 11 15 19 -1 -2
<0> 4 7 10 13 14 17 -1 <1> 4 7 10 12 15 17 -1 <2> 4 7 10 13 14 17 -1 <3> 4 7 10 13 14 17 -1 <4> 3 7 10 13 15 17 -1 -2
<0> 2 6 10 13 14 17 -1 <1> 2 6 9 13 14 17 -1 <2> 2 5 9 13 14 17 -1 <3> 2 5 9 13 14 17 -1 <4> 2 5 9 13 14 17 -1 -2
<0> 3 7 10 13 15 17 -1 <1> 3 7 10 13 15 17 -1 <2> 1 7 9 12 15 19 -1 <3> 1 7 9 12 15 19 -1 <4> 1 6 9 12 15 19 -1 -2
<0> 3 6 9 12 15 17 -1 <1> 3 6 9 12 15 19 -1 -2
<0> 4 6 9 12 15 19 -1 <1> 4 6 9 11 15 19 -1 -2
<0> 2 5 8 11 15 19 -1 <1> 2 5 8 11 14 19 -1 <2> 2 5 8 11 15 18 -1 -2
<0> 2 7 9 12 14 17 -1 <1> 2 7 10 12 14 17 -1 <2> 2 7 9 12 14 17 -1 <3> 2 7 9 12 14 17 -1 <4> 2 7 10 12 14 17 -1 -2
<0> 4 6 9 13 14 17 -1 <1> 4 6 9 12 14 17 -1 <2> 4 6 9 12 14 17 -1 <3> 4 5 8 12 14 19 -1 -2
<0> 2 6 9 13 14 17 -1 <1> 2 7 9 13 14 17 -1 <2> 2 6 9 13 14 17 -1 <3> 2 6 9 13 14 17 -1 <4> 2 6 10 13 14 17 -1 -2
<0> 3 6 9 12 14 19 -1 <1> 4 7 10 13 14 17 -1 <2> 1 6 10 12 14 19 -1 -2
<0> 3 7 9 12 15 17 -1 <1> 3 7 10 12 15 17 -1 -2
<0> 2 7 9 12 14 17 -1 <1> 2 7 9 12 14 17 -1 <2> 2 6 9 12 14 17 -1 <3> 2 6 9 12 14 17 -1 <4> 2 6 9 12 14 17 -1 -2
<0> 4 7 10 12 14 17 -1 <1> 4 7 10 13 14 17 -1 <2> 4 7 10 12 14 17 -1 <3> 3 7 10 12 14 17 -1 <4> 3 6 9 11 14 19 -1 -2
<0> 2 6 9 13 14 17 -1 <1> 2 5 9 12 15 17 -1 <2> 2 6 9 13 14 17 -1 <3> 2 5 9 13 14 17 -1 <4> 2 6 9 13 14 17 -1 -2
<0> 4 7 10 13 14 17 -1 <1> 4 7 10 12 14 17 -1 <2> 4 7 10 13 14 17 -1 <3> 4 6 10 13 15 17 -1 <4> 4 6 9 12 15 19 -1 -2
<0> 2 6 9 12 15 17 -1 <1> 2 6 9 11 15 19 -1 <2> 2 6 9 12 14 17 -1 <3> 4 6 8 11 15 19 -1 -2
<0> 2 7 9 12 15 17 -1 <1> 2 6 9 12 14 17 -1 <2> 2 6 8 11 14 19 -1 -2
<0> 2 7 9 11 14 17 -1 <1> 2 7 9 11 15 19 -1 <2> 4 6 8 11 15 19 -1 -2
<0> 4 7 10 13 14 17 -1 <1> 4 7 10 13 14 17 -1 <2> 4 7 9 12 15 17 -1 -2
<0> 4 7 9 12 14 17 -1 <1> 4 6 9 12 15 19 -1 -2
<0> 3 7 10 13 15 17 -1 <1> 1 7 10 13 14 17 -1 <2> 1 7 10 13 14 17 -1 -2
<0> 4 6 9 12 14 17 -1 <1> 4 6 9 12 14 17 -1 <2> 4 6 9 12 14 17 -1 <3> 4 6 9 12 14 17 -1 <4> 4 6 9 12 14 17 -1 -2
<0> 4 5 8 11 14 19 -1 <1> 4 5 8 11 15 18 -1 -2
<0> 3 6 9 12 14 19 -1 <1> 3 6 9 11 14 19 -1 -2
<0> 4 7 10 13 14 17 -1 <1> 4 6 9 12 14 17 -1 <2> 3 7 9 12 15 17 -1 <3> 3 7 9 12 15 17 -1 -2
<0> 3 5 9 13 15 19 -1 <1> 3 5 8 12 14 18 -1 <2> 3 5 8 11 14 18 -1 <3> 1 5 8 11 15 18 -1 <4> 1 5 8 11 15 18 -1 -2
<0> 2 7 8 11 15 17 -1 <1> 2 6 9 11 15 19 -1 -2
<0> 2 6 9 12 15 17 -1 <1> 2 6 9 12 14 17 -1 <2> 2 6 9 12 15 17 -1 <3> 2 6 9 12 14 17 -1 <4> 2 6 9 12 14 17 -1 -2
<0> 4 6 9 13 14 17 -1 <1> 4 7 10 13 14 17 -1 <2> 3 6 9 12 14 17 -1 -2
<0> 4 7 10 13 14 17 -1 <1> 3 7 10 13 14 17 -1 <2> 1 7 10 13 14 17 -1 <3> 3 7 10 12 14 17 -1 <4> 1 7 10 13 14 17 -1 -2
<0> 3 7 10 12 14 17 -1 <1> 3 7 10 13 14 17 -1 <2> 1 7 9 13 14 17 -1 <3> 1 6 9 12 14 19 -1 -2
<0> 4 7 10 13 14 17 -1 <1> 3 7 10 13 14 17 -1 <2> 3 7 10 13 15 17 -1 <3> 1 7 9 12 15 19 -1 -2
<0> 2 7 9 11 15 17 -1 <1> 2 7 9 12 15 17 -1 <2> 2 7 9 12 15 17 -1 <3> 4 6 9 11 15 17 -1 <4> 2 7 9 11 15 17 -1 -2
<0> 4 6 9 12 15 19 -1 <1> 4 6 9 12 15 19 -1 <2> 4 6 9 12 15 19 -1 <3> 4 6 9 11 15 19 -1 <4> 2 5 9 11 15 19 -1 -2
<0> 4 5 9 13 14 17 -1 <1> 4 5 9 13 14 17 -1 -2
<0> 4 7 10 13 14 17 -1 <1> 4 7 10 13 14 17 -1 <2> 3 7 10 13 14 17 -1 <3> 3 7 10 13 14 17 -1 <4> 3 6 10 13 14 17 -1 -2
<0> 2 6 9 12 14 17 -1 <1> 2 6 9 12 14 17 -1 <2> 2 6 9 12 14 17 -1 <3> 2 6 9 12 14 17 -1 <4> 2 6 9 11 14 17 -1 -2
<0> 3 6 9 12 15 19 -1 <1> 4 6 8 11 15 19 -1 -2
<0> 2 6 9 11 15 19 -1 <1> 2 6 9 11 14 17 -1 <2> 4 6 8 11 14 19 -1 <3> 4 6 9 11 15 19 -1 <4> 2 6 9 11 14 17 -1 -2
<0> 2 6 9 13 15 17 -1 <1> 2 6 9 13 14 17 -1 <2> 2 5 9 13 14 17 -1 <3> 2 5 9 13 14 17 -1 <4> 2 5 8 13 14 17 -1 -2
<0> 4 6 10 13 14 17 -1 <1> 4 6 9 13 15 17 -1 -2
<0> 2 7 9 13 14 17 -1 <1> 2 6 9 13 14 17 -1 <2> 2 6 9 13 14 17 -1 <3> 2 6 9 13 14 17 -1 -2
<0> 4 6 9 13 14 17 -1 <1> 4 6 9 12 14 17 -1 <2> 4 6 9 13 14 17 -1 <3> 2 6 9 13 14 17 -1 <4> 4 6 9 13 15 17 -1 -2
<0> 2 6 9 13 15 17 -1 <1> 4 6 9 12 15 19 -1 -2
<0> 2 6 9 11 14 17 -1 <1> 2 6 9 11 14 17 -1 <2> 2 6 9 11 14 17 -1 <3> 2 6 9 11 14 17 -1 -2
<0> 4 7 10 13 15 17 -1 <1> 3 7 10 13 15 17 -1 -2
<0> 2 7 9 12 14 17 -1 <1> 2 6 9 12 14 17 -1 <2> 2 6 9 12 14 17 -1 <3> 2 7 9 13 14 17 -1 <4> 2 7 9 12 14 17 -1 -2
<0> 2 7 9 12 14 17 -1 <1> 2 7 9 12 14 17 -1 <2> 2 7 9 12 14 17 -1 <3> 2 7 9 12 14 17 -1 <4> 2 7 9 12 14 17 -1 -2
<0> 2 6 10 13 14 17 -1 <1> 2 6 9 13 14 17 -1 <2> 2 6 9 13 14 17 -1 <3> 2 6 10 13 14 17 -1 <4> 2 6 9 13 14 17 -1 -2
<0> 2 6 9 12 14 17 -1 <1> 2 6 9 12 14 17 -1 <2> 2 6 9 12 14 17 -1 -2
<0> 2 7 10 11 15 17 -1 <1> 4 7 9 11 15 17 -1 <2> 4 6 9 11 14 19 -1 <3> 3 6 9 11 15 19 -1 <4> 3 7 9 11 15 19 -1 -2
<0> 2 7 9 11 14 17 -1 <1> 2 7 9 11 14 17 -1 <2> 2 7 9 11 14 17 -1 <3> 2 7 9 11 14 17 -1 <4> 2 6 9 11 14 17 -1 -2
<0> 4 6 9 11 15 17 -1 <1> 4 5 9 11 14 19 -1 <2> 4 6 8 11 14 19 -1 <3> 4 5 8 11 14 19 -1 <4> 4 6 8 11 14 19 -1 -2
<0> 2 6 9 12 15 17 -1 <1> 4 5 8 11 15 19 -1 <2> 4 5 8 11 14 19 -1 <3> 4 5 8 11 15 18 -1 -2
<0> 4 6 10 12 15 17 -1 <1> 2 6 9 12 14 17 -1 <2> 2 6 9 12 14 17 -1 <3> 4 5 9 11 14 19 -1 <4> 4 5 9 11 14 19 -1 -2
<0> 3 7 10 13 15 17 -1 <1> 3 6 9 13 14 17 -1 <2> 3 6 9 13 15 17 -1 -2
<0> 2 6 9 11 14 17 -1 <1> 2 6 9 11 14 17 -1 <2> 2 6 9 11 14 17 -1 <3> 2 6 9 11 14 17 -1 <4> 2 6 10 12 14 17 -1 -2
<0> 3 5 8 11 15 18 -1 <1> 4 5 8 11 15 19 -1 <2> 4 5 8 11 15 19 -1 <3> 4 5 8 11 14 19 -1 <4> 4 5 8 11 14 19 -1 -2
<0> 2 6 9 13 14 17 -1 <1> 2 6 9 13 14 17 -1 <2> 4 6 9 13 14 17 -1 <3> 2 6 9 13 14 17 -1 <4> 2 6 9 12 14 17 -1 -2
<0> 2 5 8 12 15 19 -1 <1> 2 5 8 11 14 19 -1 -2
<0> 2 6 9 12 14 17 -1 <1> 2 6 9 12 14 17 -1 <2> 2 5 8 11 14 19 -1 -2
<0> 2 7 9 12 14 17 -1 <1> 2 7 10 11 14 17 -1 -2
<0> 2 7 9 12 14 17 -1 <1> 2 6 9 12 14 17 -1 <2> 2 7 9 11 14 17 -1 <3> 2 7 9 11 14 17 -1 <4> 2 7 9 11 14 17 -1 -2
<0> 2 7 10 12 14 17 -1 <1> 2 7 9 12 14 17 -1 <2> 2 7 9 12 14 17 -1 <3> 2 7 9 12 14 17 -1 <4> 2 7 9 12 14 17 -1 -2
<0> 4 6 9 13 14 17 -1 <1> 3 6 9 13 14 17 -1 <2> 3 6 9 12 14 19 -1 <3> 1 6 9 13 15 19 -1 -2
<0> 2 6 9 11 14 17 -1 <1> 2 6 9 11 14 19 -1 <2> 4 6 9 11 14 19 -1 -2
<0> 2 7 9 12 14 17 -1 <1> 2 7 9 12 14 17 -1 <2> 2 7 9 12 14 17 -1 <3> 2 7 9 11 14 17 -1 <4> 2 6 9 11 15 17 -1 -2
<0> 4 6 9 12 15 17 -1 <1> 4 6 9 12 15 17 -1 <2> 3 6 9 12 15 19 -1 <3> 3 6 9 12 15 19 -1 <4> 1 6 8 12 15 19 -1 -2
<0> 2 6 9 12 14 17 -1 <1> 2 6 9 12 15 17 -1 <2> 2 6 9 12 14 17 -1 -2
<0> 2 6 10 12 14 17 -1 <1> 2 6 9 12 14 17 -1 <2> 2 6 9 12 15 17 -1 <3> 2 6 9 11 14 17 -1 <4> 2 6 8 12 14 17 -1 -2
<0> 2 7 9 11 14 17 -1 <1> 2 7 10 11 14 17 -1 <2> 2 7 9 11 14 17 -1 <3> 2 7 10 11 14 17 -1 <4> 2 7 9 11 14 17 -1 -2
<0> 4 6 9 11 14 17 -1 <1> 2 5 8 11 14 19 -1 <2> 3 5 8 11 14 19 -1 <3> 3 5 8 11 14 19 -1 <4> 3 5 8 11 14 18 -1 -2
<0> 2 6 9 12 14 17 -1 <1> 4 6 8 11 15 19 -1 -2
<0> 2 7 10 12 14 17 -1 <1> 2 7 10 12 14 17 -1 <2> 2 7 10 12 14 17 -1 <3> 2 7 10 12 14 17 -1 <4> 2 7 10 12 14 17 -1 -2
<0> 4 6 9 12 14 17 -1 <1> 4 6 10 12 14 17 -1 -2
<0> 4 6 9 12 14 17 -1 <1> 3 6 9 12 15 19 -1 -2
<0> 2 6 9 13 14 17 -1 <1> 2 6 9 13 14 17 -1 <2> 2 6 9 12 14 17 -1 <3> 2 5 9 12 14 17 -1 <4> 4 5 9 12 14 19 -1 -2
<0> 2 7 8 11 14 17 -1 <1> 2 7 8 11 14 17 -1 <2> 2 6 8 11 14 19 -1 -2
<0> 2 6 9 11 14 17 -1 <1> 4 6 9 11 14 19 -1 -2
<0> 4 7 10 13 15 17 -1 <1> 4 7 10 13 14 17 -1 <2> 4 7 10 13 14 17 -1 <3> 4 7 10 13 14 17 -1 <4> 3 7 10 13 14 17 -1 -2
<0> 2 7 9 12 14 17 -1 <1> 2 7 10 12 14 17 -1 <2> 2 7 9 12 15 17 -1 -2
<0> 2 6 10 13 14 17 -1 <1> 2 6 9 13 14 17 -1 <2> 2 6 9 12 14 17 -1 <3> 2 6 9 12 15 17 -1 <4> 2 6 8 13 15 17 -1 -2
<0> 4 5 8 11 14 19 -1 <1> 4 5 8 11 14 19 -1 -2
<0> 2 7 10 12 14 17 -1 <1> 2 7 9 12 14 17 -1 <2> 2 6 9 11 14 17 -1 <3> 4 6 8 11 14 19 -1 -2
<0> 2 7 9 12 14 17 -1 <1> 2 6 9 13 14 17 -1 <2> 2 6 9 12 14 17 -1 <3> 2 6 9 12 14 17 -1 <4> 2 6 9 12 15 17 -1 -2
<0> 2 6 9 12 14 17 -1 <1> 2 6 9 12 14 17 -1 <2> 4 6 9 12 14 17 -1 <3> 2 6 9 11 14 17 -1 <4> 2 5 9 11 14 19 -1 -2
<0> 4 7 9 12 14 17 -1 <1> 2 7 10 12 14 17 -1 <2> 2 7 10 12 14 17 -1 <3> 2 7 9 12 14 17 -1 <4> 2 7 10 12 14 17 -1 -2
<0> 2 6 9 11 14 19 -1 <1> 2 6 9 11 15 17 -1 <2> 4 6 9 11 14 19 -1 -2
<0> 2 7 10 12 14 17 -1 <1> 2 7 10 12 14 17 -1 <2> 2 7 10 12 14 17 -1 <3> 2 7 10 12 14 17 -1 <4> 2 7 10 12 14 17 -1 -2
<0> 2 6 9 12 15 17 -1 <1> 2 6 9 12 15 17 -1 <2> 4 6 9 11 15 17 -1 -2
<0> 2 7 10 12 14 17 -1 <1> 2 7 9 11 14 17 -1 <2> 2 7 9 11 14 17 -1 -2
<0> 4 6 10 13 14 17 -1 <1> 4 6 9 12 15 17 -1 -2
<0> 2 7 9 12 14 17 -1 <1> 2 7 9 12 14 17 -1 <2> 2 7 10 12 14 17 -1 <3> 2 7 10 12 14 17 -1 <4> 2 7 9 12 14 17 -1 -2
<0> 4 6 9 12 14 17 -1 <1> 4 6 9 12 14 17 -1 <2> 4 6 9 12 14 17 -1 <3> 4 6 9 12 14 17 -1 <4> 4 6 9 12 14 17 -1 -2
<0> 2 7 9 12 14 17 -1 <1> 4 5 8 11 15 19 -1 <2> 4 5 8 11 14 19 -1 -2
<0> 2 7 9 12 14 17 -1 <1> 2 7 9 12 14 17 -1 <2> 2 7 10 12 14 17 -1 <3> 2 7 9 11 14 17 -1 <4> 2 6 9 11 14 17 -1 -2
<0> 4 6 9 13 15 17 -1 <1> 3 6 9 11 15 19 -1 -2
<0> 2 6 8 11 14 19 -1 <1> 4 5 8 11 14 18 -1 -2
<0> 4 7 10 12 15 17 -1 <1> 3 7 10 12 14 17 -1 -2
<0> 2 6 9 12 15 17 -1 <1> 2 6 9 12 15 17 -1 -2
<0> 4 7 9 11 15 17 -1 <1> 4 6 9 11 15 19 -1 -2
<0> 2 7 9 12 14 17 -1 <1> 4 6 9 12 15 17 -1 -2
<0> 4 6 9 12 15 17 -1 <1> 3 6 9 12 15 17 -1 -2
<0> 2 5 9 12 14 17 -1 <1> 2 5 9 12 14 17 -1 <2> 2 5 9 12 14 17 -1 <3> 2 5 8 12 14 19 -1 <4> 4 5 8 11 15 18 -1 -2
<0> 2 6 9 11 14 17 -1 <1> 4 6 8 11 14 19 -1 -2
<0> 2 6 9 13 14 17 -1 <1> 2 6 9 13 14 17 -1 <2> 2 5 9 13 14 17 -1 <3> 2 5 8 13 14 17 -1 <4> 2 5 8 13 14 17 -1 -2
<0> 2 6 9 13 14 17 -1 <1> 2 6 9 13 14 17 -1 <2> 2 6 9 13 14 17 -1 <3> 2 6 9 13 14 17 -1 <4> 2 6 9 12 14 17 -1 -2
<0> 2 7 9 11 14 17 -1 <1> 2 7 9 11 14 17 -1 -2
<0> 2 6 9 12 15 17 -1 <1> 2 6 9 12 15 17 -1 <2> 2 6 9 12 14 17 -1 <3> 2 6 9 12 15 17 -1 <4> 4 5 9 12 15 19 -1 -2
<0> 2 7 9 12 14 17 -1 <1> 2 6 9 11 14 17 -1 -2
<0> 4 7 10 12 14 17 -1 <1> 2 7 9 12 14 17 -1 <2> 4 6 9 12 14 17 -1 <3> 4 7 9 11 14 17 -1 <4> 4 7 9 12 14 17 -1 -2
<0> 2 7 9 12 14 17 -1 <1> 2 7 9 11 14 17 -1 <2> 2 7 9 11 14 17 -1 -2
<0> 2 7 9 12 14 17 -1 <1> 2 7 9 12 15 17 -1 <2> 2 7 9 12 14 17 -1 <3> 2 7 10 12 14 17 -1 <4> 2 7 10 12 14 17 -1 -2
<0> 4 7 10 13 15 17 -1 <1> 3 7 10 13 14 17 -1 <2> 1 7 10 13 14 17 -1 <3> 3 7 9 11 14 19 -1 -2
<0> 4 6 9 12 14 17 -1 <1> 4 6 9 12 14 17 -1 <2> 4 6 9 12 14 19 -1 <3> 4 5 8 11 14 19 -1 <4> 4 5 8 11 14 19 -1 -2
<0> 4 7 10 13 14 17 -1 <1> 4 7 9 12 14 17 -1 <2> 3 7 9 12 14 17 -1 <3> 1 5 8 11 14 18 -1 -2
<0> 4 6 9 12 15 17 -1 <1> 3 6 9 12 15 19 -1 -2
<0> 2 6 9 13 14 17 -1 <1> 2 6 9 13 14 17 -1 <2> 2 6 9 13 14 17 -1 <3> 2 6 10 13 14 17 -1 <4> 4 6 9 13 14 17 -1 -2
<0> 4 6 9 12 15 17 -1 <1> 2 6 9 12 14 17 -1 <2> 4 6 9 12 15 17 -1 -2
<0> 2 7 9 12 14 17 -1 <1> 2 7 9 12 14 17 -1 <2> 2 7 9 11 14 17 -1 <3> 2 7 9 11 14 17 -1 <4> 2 6 8 11 14 19 -1 -2
<0> 2 6 9 13 14 17 -1 <1> 2 6 9 12 14 17 -1 <2> 2 6 9 12 14 17 -1 <3> 2 6 9 12 14 17 -1 <4> 2 6 9 12 14 17 -1 -2
<0> 2 6 9 13 14 17 -1 <1> 4 6 9 12 14 17 -1 <2> 4 6 9 12 15 17 -1 <3> 4 6 9 12 14 17 -1 <4> 4 6 9 12 15 17 -1 -2
<0> 1 6 8 11 15 19 -1 <1> 3 6 8 11 15 19 -1 <2> 1 5 8 11 14 18 -1 <3> 1 5 8 11 14 18 -1 <4> 1 5 8 11 15 16 -1 -2
<0> 4 6 9 13 15 17 -1 <1> 4 6 9 12 15 17 -1 -2
<0> 2 6 9 12 14 17 -1 <1> 2 6 9 12 15 17 -1 -2
<0> 3 7 10 13 14 17 -1 <1> 1 7 10 13 14 17 -1 <2> 1 6 10 13 14 17 -1 -2
<0> 2 7 10 12 14 17 -1 <1> 2 7 9 12 14 17 -1 <2> 2 7 9 12 14 17 -1 <3> 2 7 9 12 14 17 -1 <4> 2 7 10 12 14 17 -1 -2
<0> 4 5 8 12 15 19 -1 <1> 4 5 9 12 15 19 -1 -2
<0> 4 7 10 12 14 17 -1 <1> 3 7 10 13 15 17 -1 -2
<0> 2 7 10 12 14 17 -1 <1> 2 7 9 12 14 17 -1 <2> 2 6 9 12 14 17 -1 <3> 2 6 9 11 14 17 -1 <4> 2 6 9 11 14 17 -1 -2
<0> 2 7 10 12 14 17 -1 <1> 2 7 10 12 14 17 -1 <2> 2 7 10 12 14 17 -1 <3> 2 7 10 12 14 17 -1 <4> 2 7 10 12 14 17 -1 -2
<0> 2 7 8 11 15 19 -1 <1> 2 7 9 11 15 19 -1 -2
<0> 4 6 9 12 15 17 -1 <1> 4 6 10 11 14 17 -1 -2
<0> 4 7 10 13 14 17 -1 <1> 4 7 10 13 15 17 -1 <2> 4 6 10 13 14 17 -1 <3> 4 6 9 13 14 17 -1 <4> 3 6 9 13 14 17 -1 -2
<0> 4 6 9 13 14 17 -1 <1> 4 6 9 13 14 17 -1 -2
<0> 2 6 9 12 14 17 -1 <1> 2 6 10 12 15 17 -1 <2> 4 6 9 11 15 19 -1 -2
<0> 2 7 10 12 14 17 -1 <1> 2 7 10 12 15 17 -1 <2> 2 7 9 12 15 17 -1 <3> 2 7 9 12 14 17 -1 <4> 4 7 9 12 14 17 -1 -2
<0> 3 7 10 13 14 17 -1 <1> 3 6 9 12 14 19 -1 -2
<0> 4 6 9 12 15 17 -1 <1> 4 6 9 12 15 19 -1 <2> 3 6 9 12 15 19 -1 -2
<0> 2 7 9 11 15 17 -1 <1> 2 6 9 11 14 17 -1 <2> 2 6 9 11 15 19 -1 -2
<0> 2 6 9 12 14 17 -1 <1> 2 6 9 12 14 17 -1 -2
<0> 2 6 9 13 14 17 -1 <1> 2 6 9 12 15 17 -1 -2
<0> 4 5 9 13 14 17 -1 <1> 4 5 9 12 15 19 -1 <2> 4 5 9 11 15 19 -1 -2
<0> 3 7 10 13 14 17 -1 <1> 1 7 10 12 14 17 -1 -2
<0> 2 6 9 12 14 17 -1 <1> 2 6 9 12 15 17 -1 -2
<0> 4 7 9 12 14 17 -1 <1> 4 7 9 11 14 17 -1 <2> 4 7 9 11 14 17 -1 <3> 4 7 8 11 14 19 -1 <4> 3 7 8 11 15 19 -1 -2
<0> 2 7 10 12 14 17 -1 <1> 2 7 10 12 14 17 -1 -2
<0> 4 7 10 13 14 17 -1 <1> 4 7 10 13 14 17 -1 -2
<0> 4 5 8 12 14 19 -1 <1> 3 5 8 11 14 19 -1 -2
<0> 2 6 9 13 14 17 -1 <1> 2 6 9 13 14 17 -1 <2> 2 6 8 13 14 17 -1 <3> 2 5 8 13 14 19 -1 <4> 2 5 8 13 14 19 -1 -2
<0> 4 6 9 11 14 19 -1 <1> 3 5 8 11 15 18 -1 <2> 3 5 8 11 15 18 -1 -2
<0> 2 6 9 12 14 17 -1 <1> 2 6 9 12 14 17 -1 <2> 2 6 9 12 15 17 -1 <3> 2 5 8 11 15 19 -1 <4> 2 5 8 11 15 19 -1 -2
<0> 2 7 9 11 14 17 -1 <1> 2 7 9 11 14 17 -1 <2> 2 7 8 11 14 17 -1 -2
<0> 4 7 10 13 14 17 -1 <1> 4 7 10 13 15 17 -1 -2
<0> 2 6 9 13 14 17 -1 <1> 2 5 9 12 14 19 -1 <2> 4 5 8 12 15 19 -1 <3> 2 5 8 12 15 19 -1 -2
<0> 2 7 10 12 14 17 -1 <1> 2 6 10 12 15 17 -1 <2> 2 6 9 11 14 17 -1 <3> 2 6 8 11 14 19 -1 <4> 2 6 8 11 14 19 -1 -2
<0> 4 6 9 12 14 19 -1 <1> 4 5 9 11 15 19 -1 <2> 3 5 8 11 14 19 -1 -2
<0> 4 6 9 11 15 17 -1 <1> 4 6 9 11 15 19 -1 -2
<0> 2 6 9 13 14 17 -1 <1> 2 6 8 12 14 17 -1 -2
<0> 4 6 9 13 14 17 -1 <1> 4 6 9 13 14 17 -1 -2
<0> 4 6 9 12 14 17 -1 <1> 4 6 9 12 14 17 -1 -2
<0> 2 7 9 12 14 17 -1 <1> 2 7 9 12 14 17 -1 <2> 2 7 9 12 14 17 -1 <3> 2 6 8 11 14 19 -1 -2
<0> 2 7 9 12 14 17 -1 <1> 2 7 9 12 14 17 -1 <2> 2 7 9 11 15 17 -1 <3> 2 7 9 11 15 17 -1 <4> 2 7 9 11 14 17 -1 -2
<0> 2 7 9 12 14 17 -1 <1> 2 7 10 12 14 17 -1 <2> 2 6 10 12 14 17 -1 <3> 2 6 10 12 14 17 -1 <4> 2 6 10 12 14 17 -1 -2
<0> 4 6 9 12 15 17 -1 <1> 4 6 9 12 15 19 -1 -2
<0> 2 6 9 13 14 17 -1 <1> 2 6 9 12 14 17 -1 <2> 2 6 8 12 15 19 -1 <3> 4 6 8 11 14 19 -1 <4> 4 5 8 11 14 19 -1 -2
<0> 2 6 9 13 14 17 -1 <1> 2 6 9 13 14 17 -1 -2
<0> 2 7 9 12 14 17 -1 <1> 2 7 9 12 14 17 -1 <2> 2 7 8 12 14 17 -1 <3> 2 7 8 11 14 17 -1 <4> 2 7 8 11 15 19 -1 -2
<0> 2 7 9 11 14 17 -1 <1> 2 6 8 11 14 19 -1 <2> 2 6 8 11 14 19 -1 -2
<0> 2 7 9 12 14 17 -1 <1> 2 7 9 12 14 17 -1 <2> 4 6 9 11 15 17 -1 <3> 4 5 9 11 14 19 -1 <4> 4 6 9 11 14 19 -1 -2
<0> 2 6 9 12 14 17 -1 <1> 2 6 9 12 14 17 -1 -2
<0> 2 6 9 12 14 17 -1 <1> 2 6 8 11 14 19 -1 -2
<0> 3 6 9 12 14 17 -1 <1> 3 6 9 12 14 17 -1 <2> 3 6 9 11 14 19 -1 <3> 3 6 9 11 14 19 -1 <4> 3 5 8 11 14 19 -1 -2
<0> 4 6 9 13 14 17 -1 <1> 4 6 9 13 14 17 -1 <2> 4 6 9 13 14 17 -1 <3> 4 6 9 12 14 17 -1 <4> 4 6 9 12 14 17 -1 -2
<0> 2 6 9 12 14 17 -1 <1> 2 5 9 11 14 19 -1 -2
<0> 2 7 9 12 14 17 -1 <1> 2 7 9 12 14 17 -1 <2> 2 7 10 12 14 17 -1 <3> 2 7 9 12 14 17 -1 <4> 2 6 10 12 14 17 -1 -2
<0> 2 7 10 12 14 17 -1 <1> 2 7 9 12 14 17 -1 <2> 2 7 9 12 14 17 -1 <3> 2 7 9 12 14 17 -1 <4> 2 6 9 12 14 17 -1 -2
<0> 4 6 9 12 14 17 -1 <1> 3 6 9 11 14 19 -1 <2> 4 6 9 11 14 19 -1 <3> 3 6 8 12 15 19 -1 -2
<0> 2 7 9 12 14 17 -1 <1> 2 7 9 11 14 17 -1 <2> 2 7 9 11 14 17 -1 <3> 2 7 9 11 14 17 -1 <4> 2 7 8 11 15 19 -1 -2
<0> 3 6 9 12 15 19 -1 <1> 3 6 8 12 14 19 -1 <2> 3 6 8 11 14 18 -1 -2
<0> 2 6 9 11 14 17 -1 <1> 2 6 9 11 15 19 -1 -2
<0> 2 6 9 12 14 17 -1 <1> 4 6 9 12 14 17 -1 -2
<0> 3 6 9 11 14 19 -1 <1> 3 6 9 11 14 19 -1 -2
<0> 2 6 9 12 14 17 -1 <1> 2 6 9 12 14 17 -1 <2> 2 6 8 12 14 19 -1 <3> 4 5 8 11 14 19 -1 <4> 4 5 8 11 14 18 -1 -2
<0> 4 6 9 12 14 17 -1 <1> 4 6 9 11 14 19 -1 <2> 4 5 8 11 15 18 -1 -2
<0> 2 7 9 12 14 17 -1 <1> 2 7 9 12 14 17 -1 <2> 2 7 9 11 14 17 -1 <3> 2 7 9 11 14 17 -1 <4> 2 7 9 11 14 17 -1 -2
<0> 4 7 9 12 14 17 -1 <1> 3 6 8 11 14 19 -1 -2
<0> 4 6 9 12 14 17 -1 <1> 4 5 8 11 15 19 -1 <2> 4 5 8 11 15 18 -1 -2
<0> 4 7 9 13 14 17 -1 <1> 4 7 9 13 14 17 -1 <2> 4 6 9 13 14 17 -1 -2
<0> 4 6 9 12 14 17 -1 <1> 4 6 9 12 15 19 -1 -2
<0> 4 5 8 11 15 19 -1 <1> 4 5 8 11 15 19 -1 <2> 4 5 8 11 15 19 -1 <3> 4 5 9 12 15 19 -1 <4> 4 5 8 11 14 19 -1 -2
<0> 3 7 10 12 14 17 -1 <1> 3 7 10 12 14 17 -1 <2> 3 7 10 12 14 17 -1 <3> 1 7 10 12 14 17 -1 <4> 1 7 10 11 15 19 -1 -2
<0> 4 6 9 12 15 17 -1 <1> 4 6 9 12 15 17 -1 -2
<0> 2 6 8 11 14 19 -1 <1> 4 6 8 11 15 19 -1 <2> 4 6 8 11 15 19 -1 -2
<0> 4 6 9 11 15 19 -1 <1> 4 6 9 11 15 19 -1 <2> 4 6 9 11 15 19 -1 <3> 4 6 9 11 14 17 -1 -2
<0> 2 7 9 12 14 17 -1 <1> 2 6 9 12 14 17 -1 <2> 2 6 9 12 14 17 -1 <3> 2 6 9 12 14 17 -1 <4> 2 6 9 11 14 17 -1 -2
<0> 2 6 9 13 14 17 -1 <1> 2 6 9 13 14 17 -1 <2> 2 5 8 13 14 17 -1 <3> 2 5 8 13 14 17 -1 -2
<0> 2 6 8 11 14 19 -1 <1> 2 7 9 11 14 17 -1 -2
<0> 2 7 9 13 14 17 -1 <1> 2 7 9 13 14 17 -1 <2> 2 6 9 13 14 17 -1 <3> 2 6 9 13 14 17 -1 <4> 2 6 9 13 14 17 -1 -2
<0> 2 6 9 12 14 17 -1 <1> 2 6 9 12 14 17 -1 <2> 2 6 9 11 14 17 -1 -2
<0> 2 7 10 12 14 17 -1 <1> 2 7 10 12 14 17 -1 <2> 2 6 9 11 14 17 -1 <3> 4 5 9 11 15 19 -1 -2
<0> 2 6 9 13 14 17 -1 <1> 2 6 9 13 15 17 -1 <2> 2 6 9 13 14 17 -1 <3> 2 6 9 12 15 17 -1 -2
<0> 2 5 9 13 14 17 -1 <1> 2 5 9 12 14 19 -1 <2> 4 5 9 11 14 19 -1 <3> 4 5 8 11 14 19 -1 <4> 3 5 8 11 15 18 -1 -2
<0> 2 7 10 12 14 17 -1 <1> 2 7 10 12 14 17 -1 <2> 2 7 9 12 14 17 -1 <3> 2 7 9 12 14 17 -1 <4> 2 7 9 12 14 17 -1 -2
<0> 2 6 9 12 14 17 -1 <1> 4 6 9 12 14 17 -1 -2
<0> 2 7 10 12 14 17 -1 <1> 2 6 9 12 15 17 -1 <2> 4 6 8 11 15 19 -1 -2
<0> 2 6 9 12 14 17 -1 <1> 2 7 10 12 14 17 -1 <2> 2 6 9 12 14 17 -1 <3> 2 6 9 11 14 17 -1 <4> 2 6 9 11 15 17 -1 -2
<0> 2 7 9 12 14 17 -1 <1> 2 7 9 12 14 17 -1 <2> 2 7 9 12 14 17 -1 <3> 2 7 9 11 14 17 -1 <4> 2 7 9 11 14 17 -1 -2
<0> 4 6 9 12 14 17 -1 <1> 2 6 9 12 14 17 -1 <2> 4 5 8 11 15 18 -1 -2
<0> 2 6 9 13 14 17 -1 <1> 2 6 9 13 14 17 -1 <2> 2 6 9 12 14 17 -1 -2
<0> 2 7 10 12 14 17 -1 <1> 2 7 10 12 14 17 -1 <2> 2 7 9 11 14 17 -1 <3> 2 7 9 11 14 17 -1 <4> 2 7 9 11 14 17 -1 -2
<0> 4 6 9 12 15 19 -1 <1> 4 6 9 12 15 17 -1 <2> 4 6 9 12 15 17 -1 <3> 4 6 9 12 15 17 -1 <4> 4 6 9 12 15 17 -1 -2
<0> 2 6 9 12 14 17 -1 <1> 2 7 10 12 14 17 -1 <2> 2 6 10 12 14 17 -1 <3> 2 7 10 12 14 17 -1 <4> 2 7 10 12 14 17 -1 -2
<0> 2 7 9 11 14 17 -1 <1> 2 7 10 11 14 17 -1 <2> 2 7 9 11 14 17 -1 <3> 2 7 9 12 14 17 -1 <4> 2 7 9 12 14 17 -1 -2
<0> 4 6 9 12 14 17 -1 <1> 4 6 9 12 14 17 -1 -2
<0> 2 6 9 12 14 17 -1 <1> 2 6 8 11 14 19 -1 -2
<0> 2 6 9 11 14 17 -1 <1> 2 6 9 11 14 19 -1 <2> 2 6 9 11 14 19 -1 <3> 2 6 9 11 14 19 -1 <4> 2 6 9 11 14 19 -1 -2
<0> 2 7 9 12 14 17 -1 <1> 2 7 9 12 14 17 -1 <2> 2 7 9 12 14 17 -1 <3> 2 7 10 12 14 17 -1 <4> 2 7 10 12 14 17 -1 -2
<0> 2 7 10 12 14 17 -1 <1> 2 7 9 12 14 17 -1 <2> 2 7 9 11 14 17 -1 <3> 2 7 9 11 14 17 -1 <4> 2 7 9 11 14 17 -1 -2
<0> 2 6 9 11 14 17 -1 <1> 2 6 8 11 14 17 -1 <2> 4 6 8 11 14 19 -1 -2
<0> 2 6 9 13 14 17 -1 <1> 4 5 9 11 14 19 -1 -2
<0> 2 7 9 12 14 17 -1 <1> 2 7 9 12 14 17 -1 <2> 2 7 9 11 14 17 -1 <3> 2 7 9 11 14 17 -1 <4> 2 6 9 11 15 19 -1 -2
<0> 4 7 10 13 14 17 -1 <1> 4 6 9 12 14 17 -1 -2
<0> 2 7 9 12 14 17 -1 <1> 2 7 9 12 14 17 -1 <2> 2 7 9 12 14 17 -1 <3> 2 7 9 12 14 17 -1 <4> 2 7 9 11 14 17 -1 -2
<0> 2 6 9 13 14 17 -1 <1> 2 6 9 12 14 17 -1 <2> 2 6 9 12 14 17 -1 <3> 4 6 9 12 14 17 -1 <4> 4 6 9 12 14 17 -1 -2
<0> 3 7 10 12 14 17 -1 <1> 3 6 9 12 15 19 -1 -2
<0> 2 6 9 11 14 19 -1 <1> 2 6 8 11 14 19 -1 <2> 2 5 8 11 14 19 -1 <3> 2 5 8 11 14 19 -1 <4> 2 5 8 11 14 19 -1 -2
<0> 2 7 10 12 14 17 -1 <1> 2 5 8 11 15 19 -1 -2
<0> 2 7 10 11 14 17 -1 <1> 2 7 9 11 14 17 -1 <2> 2 7 9 11 14 17 -1 <3> 2 7 9 11 14 17 -1 <4> 2 7 9 11 14 17 -1 -2
<0> 4 7 10 13 14 17 -1 <1> 4 7 10 13 14 17 -1 <2> 4 7 10 13 14 17 -1 <3> 3 7 10 13 14 17 -1 <4> 3 7 10 13 14 17 -1 -2
<0> 2 7 9 11 14 17 -1 <1> 2 7 10 11 14 17 -1 <2> 2 7 9 11 14 17 -1 <3> 2 7 9 11 14 17 -1 <4> 2 7 9 11 14 17 -1 -2
<0> 2 7 10 11 14 17 -1 <1> 2 7 9 11 14 17 -1 <2> 2 7 9 11 14 17 -1 <3> 2 7 9 11 14 17 -1 <4> 2 7 9 11 14 17 -1 -2
<0> 2 6 9 13 14 17 -1 <1> 2 6 9 13 14 17 -1 <2> 2 6 9 13 14 17 -1 <3> 2 6 9 13 14 17 -1 <4> 2 6 9 13 14 17 -1 -2
<0> 2 6 9 13 14 17 -1 <1> 2 6 9 12 14 17 -1 <2> 4 5 8 11 14 19 -1 -2
<0> 4 6 9 11 15 19 -1 <1> 4 6 9 11 15 19 -1 -2
<0> 2 6 9 12 14 17 -1 <1> 4 6 9 12 14 17 -1 <2> 4 6 9 12 14 17 -1 <3> 4 6 9 12 14 17 -1 <4> 4 6 9 12 14 17 -1 -2
<0> 4 5 8 11 14 19 -1 <1> 4 5 8 11 14 19 -1 <2> 4 5 8 11 14 19 -1 <3> 4 5 8 11 14 19 -1 <4> 4 5 8 11 14 19 -1 -2
<0> 2 6 9 13 14 17 -1 <1> 2 6 9 13 14 17 -1 <2> 2 6 9 13 14 17 -1 -2
<0> 2 7 10 12 14 17 -1 <1> 2 7 9 12 14 17 -1 <2> 2 7 9 12 14 17 -1 <3> 2 7 9 12 14 17 -1 <4> 2 7 9 12 14 17 -1 -2
<0> 2 7 10 12 14 17 -1 <1> 2 7 10 12 14 17 -1 <2> 2 7 9 12 14 17 -1 <3> 2 7 9 11 14 17 -1 <4> 2 7 9 11 14 17 -1 -2
<0> 2 6 9 13 14 17 -1 <1> 2 6 9 13 15 17 -1 -2
<0> 2 7 9 12 14 17 -1 <1> 2 7 9 12 14 17 -1 <2> 2 7 9 12 14 17 -1 <3> 2 7 9 12 14 17 -1 <4> 2 6 9 12 14 17 -1 -2
<0> 4 6 10 13 15 17 -1 <1> 4 6 9 13 15 17 -1 -2
<0> 2 7 10 13 14 17 -1 <1> 2 6 10 13 14 17 -1 <2> 2 6 9 13 14 17 -1 <3> 2 6 9 13 14 17 -1 <4> 2 6 9 13 14 17 -1 -2
<0> 2 6 10 13 14 17 -1 <1> 2 6 9 12 14 17 -1 <2> 2 5 9 11 15 19 -1 -2
<0> 3 5 8 11 15 18 -1 <1> 3 5 8 11 15 18 -1 <2> 1 5 8 11 15 18 -1 -2
<0> 2 7 10 12 14 17 -1 <1> 2 7 10 11 14 17 -1 <2> 2 7 9 11 14 17 -1 -2
<0> 2 6 9 12 14 17 -1 <1> 2 6 9 12 14 17 -1 <2> 2 6 9 12 14 17 -1 <3> 2 6 9 12 14 17 -1 <4> 2 6 9 12 14 17 -1 -2
<0> 4 7 9 12 14 17 -1 <1> 4 6 9 12 14 17 -1 <2> 3 6 9 12 14 17 -1 -2
<0> 2 7 9 12 14 17 -1 <1> 2 6 9 11 14 17 -1 <2> 2 6 9 11 14 17 -1 -2
<0> 3 7 10 12 14 17 -1 <1> 1 6 9 12 14 19 -1 -2
<0> 3 7 9 12 14 17 -1 <1> 3 6 9 12 14 19 -1 <2> 3 6 9 11 14 19 -1 <3> 3 6 8 11 14 19 -1 -2
<0> 4 7 10 13 14 17 -1 <1> 4 6 10 13 15 17 -1 <2> 4 6 9 13 15 17 -1 -2
<0> 4 6 9 12 14 17 -1 <1> 4 5 9 12 14 19 -1 <2> 4 5 9 12 15 19 -1 <3> 4 5 9 11 15 19 -1 -2
<0> 3 7 10 13 14 17 -1 <1> 3 7 10 13 14 17 -1 <2> 1 7 9 12 15 19 -1 <3> 1 6 10 13 14 17 -1 -2
<0> 4 7 9 12 15 17 -1 <1> 3 6 9 11 15 19 -1 -2
<0> 2 5 9 11 14 19 -1 <1> 2 6 9 11 15 19 -1 <2> 2 5 9 11 15 19 -1 <3> 2 5 9 11 15 19 -1 <4> 2 5 8 11 15 19 -1 -2
<0> 2 7 10 12 14 17 -1 <1> 2 7 9 11 14 17 -1 <2> 4 6 9 11 15 19 -1 -2
<0> 4 7 10 13 14 17 -1 <1> 4 6 10 13 14 17 -1 <2> 4 6 9 13 14 17 -1 <3> 4 6 9 13 14 17 -1 -2
<0> 4 6 9 12 14 17 -1 <1> 4 6 9 12 14 17 -1 <2> 4 6 9 12 14 17 -1 <3> 4 6 9 12 14 17 -1 <4> 4 5 8 11 14 19 -1 -2
<0> 2 7 10 12 14 17 -1 <1> 2 6 9 11 14 17 -1 <2> 2 6 9 11 14 17 -1 -2
<0> 2 7 10 12 14 17 -1 <1> 2 7 9 12 15 17 -1 <2> 2 6 9 12 15 17 -1 <3> 2 6 9 12 15 17 -1 <4> 2 6 9 12 14 17 -1 -2
<0> 3 7 10 13 14 17 -1 <1> 1 7 10 13 15 17 -1 -2
<0> 2 6 10 13 14 17 -1 <1> 2 6 9 12 14 17 -1 <2> 2 6 9 12 14 17 -1 <3> 2 6 9 12 14 17 -1 <4> 2 6 9 12 14 17 -1 -2
<0> 2 7 9 11 14 17 -1 <1> 2 6 9 11 15 19 -1 <2> 2 6 8 11 15 19 -1 <3> 2 6 8 11 15 19 -1 -2
<0> 2 6 9 13 14 17 -1 <1> 2 6 9 13 14 17 -1 <2> 2 6 9 13 14 17 -1 <3> 2 6 9 13 14 17 -1 <4> 2 5 9 13 14 17 -1 -2
<0> 2 7 9 12 14 17 -1 <1> 2 7 9 12 14 17 -1 <2> 2 7 9 11 14 17 -1 <3> 2 7 9 11 14 17 -1 <4> 2 7 9 11 14 17 -1 -2
<0> 2 7 10 12 14 17 -1 <1> 2 7 10 11 14 17 -1 <2> 2 7 10 11 14 17 -1 <3> 2 7 9 11 14 17 -1 <4> 2 7 9 11 14 17 -1 -2
<0> 2 6 9 12 14 17 -1 <1> 2 6 9 12 14 17 -1 <2> 2 6 9 12 14 17 -1 <3> 2 6 9 12 14 17 -1 <4> 2 6 9 12 14 17 -1 -2
<0> 2 6 10 13 14 17 -1 <1> 2 6 9 13 14 17 -1 <2> 2 6 10 13 14 17 -1 <3> 2 6 9 13 14 17 -1 <4> 4 6 9 13 14 17 -1 -2
<0> 4 6 9 12 15 17 -1 <1> 4 6 9 12 15 17 -1 <2> 3 6 9 12 15 19 -1 -2
<0> 2 7 10 13 14 17 -1 <1> 2 7 10 13 14 17 -1 <2> 2 7 10 13 14 17 -1 <3> 2 7 10 13 14 17 -1 <4> 2 7 10 13 14 17 -1 -2
<0> 2 6 9 11 14 17 -1 <1> 2 7 9 11 14 17 -1 <2> 2 7 9 11 14 17 -1 <3> 2 7 9 11 14 17 -1 <4> 2 6 9 11 14 17 -1 -2
<0> 2 7 9 12 14 17 -1 <1> 2 7 9 12 14 17 -1 <2> 2 7 9 12 14 17 -1 <3> 2 7 9 12 14 17 -1 -2
<0> 2 6 9 13 14 17 -1 <1> 4 6 9 12 14 19 -1 <2> 3 6 9 12 14 19 -1 <3> 4 6 9 12 14 17 -1 -2
<0> 2 7 10 12 14 17 -1 <1> 2 7 10 12 14 17 -1 <2> 2 7 10 12 14 17 -1 <3> 2 6 9 11 14 17 -1 <4> 2 6 8 11 14 19 -1 -2
<0> 4 5 9 11 15 19 -1 <1> 4 5 8 11 15 19 -1 -2
<0> 4 6 9 11 14 17 -1 <1> 2 6 9 11 14 17 -1 <2> 4 6 9 11 14 17 -1 -2
<0> 2 6 9 11 15 19 -1 <1> 2 6 9 11 14 17 -1 <2> 2 6 8 11 14 19 -1 -2
<0> 4 6 9 12 14 17 -1 <1> 4 6 9 12 14 17 -1 <2> 4 6 9 11 14 19 -1 -2
<0> 2 6 9 12 14 17 -1 <1> 2 5 9 12 14 17 -1 <2> 4 5 9 12 14 19 -1 <3> 4 5 8 12 15 19 -1 -2
<0> 4 7 9 13 15 17 -1 <1> 4 6 9 12 15 17 -1 -2
<0> 4 7 10 13 14 17 -1 <1> 3 7 10 13 14 17 -1 -2
<0> 3 6 9 12 14 17 -1 <1> 4 6 9 12 14 19 -1 -2
<0> 4 6 9 11 14 17 -1 <1> 4 6 9 11 15 19 -1 -2
<0> 4 6 9 12 15 17 -1 <1> 3 6 9 12 15 19 -1 -2
<0> 2 7 10 12 14 17 -1 <1> 2 7 10 12 14 17 -1 <2> 2 7 10 11 14 17 -1 <3> 2 7 10 12 14 17 -1 <4> 2 7 10 12 14 17 -1 -2
<0> 4 5 9 13 15 17 -1 <1> 3 5 9 13 14 19 -1 <2> 4 5 9 13 14 17 -1 -2
<0> 2 6 9 12 14 17 -1 <1> 2 6 9 12 14 17 -1 -2
<0> 2 7 10 12 14 17 -1 <1> 2 7 10 12 14 17 -1 <2> 2 7 10 12 14 17 -1 <3> 2 7 10 12 14 17 -1 -2
<0> 2 5 9 12 14 17 -1 <1> 2 5 9 12 14 17 -1 -2
<0> 2 6 9 12 15 17 -1 <1> 2 5 9 12 15 19 -1 -2
<0> 3 5 8 11 14 18 -1 <1> 3 5 8 11 14 18 -1 <2> 3 5 8 11 15 18 -1 <3> 3 5 8 11 15 18 -1 -2
<0> 4 6 9 12 14 17 -1 <1> 3 6 9 12 14 19 -1 <2> 3 6 9 11 14 19 -1 -2
<0> 4 6 9 12 14 17 -1 <1> 4 6 9 12 14 17 -1 -2
<0> 4 6 9 12 15 19 -1 <1> 4 6 9 12 15 19 -1 -2
<0> 2 6 9 11 14 17 -1 <1> 2 6 9 11 14 17 -1 <2> 2 5 9 11 15 19 -1 -2
<0> 4 7 9 12 15 17 -1 <1> 3 6 9 11 15 19 -1 -2
<0> 2 6 9 13 14 17 -1 <1> 2 6 9 13 14 17 -1 <2> 2 6 9 12 14 17 -1 -2
<0> 2 6 9 12 14 17 -1 <1> 2 6 9 11 14 17 -1 -2
<0> 4 6 8 11 14 19 -1 <1> 4 5 8 11 14 18 -1 -2
<0> 2 6 9 12 14 17 -1 <1> 2 5 9 11 14 19 -1 <2> 2 5 8 11 15 19 -1 <3> 4 5 8 11 15 19 -1 -2
<0> 4 6 9 13 14 17 -1 <1> 4 6 9 13 14 17 -1 <2> 3 6 9 12 14 17 -1 <3> 3 5 9 12 14 19 -1 -2
<0> 4 7 10 13 14 17 -1 <1> 1 7 10 13 14 17 -1 <2> 1 7 10 13 14 17 -1 -2
<0> 2 6 9 12 14 17 -1 <1> 2 6 8 11 15 19 -1 <2> 2 5 8 11 14 19 -1 -2
<0> 2 6 9 11 14 17 -1 <1> 2 6 8 11 15 19 -1 -2
<0> 4 6 9 12 15 17 -1 <1> 4 6 9 12 14 17 -1 <2> 4 6 9 11 14 17 -1 <3> 4 5 8 11 15 19 -1 -2
<0> 2 5 9 12 14 17 -1 <1> 2 5 9 12 14 19 -1 <2> 2 5 9 12 14 19 -1 -2
<0> 2 7 9 11 14 17 -1 <1> 2 7 9 11 14 17 -1 <2> 2 7 9 11 14 17 -1 -2
<0> 2 6 8 11 15 19 -1 <1> 2 5 8 11 15 19 -1 -2
<0> 2 6 9 12 14 17 -1 <1> 2 6 9 12 14 17 -1 <2> 2 6 9 11 14 17 -1 -2
<0> 2 6 9 12 14 17 -1 <1> 4 6 9 12 14 17 -1 <2> 4 6 8 11 14 19 -1 -2
<0> 2 6 9 13 14 17 -1 <1> 2 6 9 13 14 17 -1 <2> 2 6 9 13 14 17 -1 -2
<0> 2 7 9 12 14 17 -1 <1> 2 7 9 12 14 17 -1 -2
<0> 2 7 9 12 14 17 -1 <1> 2 7 9 12 14 17 -1 <2> 2 6 9 11 14 17 -1 -2
<0> 2 6 9 12 14 17 -1 <1> 2 6 9 12 14 17 -1 <2> 2 6 9 13 14 17 -1 -2
<0> 2 7 10 11 14 17 -1 <1> 2 6 8 11 14 19 -1 -2
<0> 2 6 9 11 14 19 -1 <1> 2 5 9 11 14 19 -1 -2
<0> 2 7 10 12 14 17 -1 <1> 2 7 9 11 14 17 -1 -2
<0> 2 6 9 12 15 17 -1 <1> 2 6 9 12 15 17 -1 -2
<0> 2 6 9 12 14 17 -1 <1> 4 6 9 12 15 19 -1 -2
<0> 2 7 9 12 14 17 -1 <1> 2 6 9 11 14 17 -1 -2
<0> 4 7 10 12 14 17 -1 <1> 4 6 9 12 15 19 -1 -2
<0> 4 5 8 11 14 19 -1 <1> 4 5 8 11 15 18 -1 -2
